#ID Architecture nbparams throughput FLOPs PeakMem Top V2
#  ($times10^6$) (im/s) ($times10^9$) (MB) Acc. Acc.

1 ResNet 25.6 2587 4.1 2182 80.4 68.7

2 RegNetY 20.6 1779 4.0 3041 81.5 70.7
2 RegNetY 39.2 1158 8.0 3939 82.2 71.1
2 RegNetY 52 835.1 12.0 5059 82.4 TODO
2 RegNetY 83.6 714 16.0 5204 82.9 72.4
#2 RegNetY 145 441.7 32.0 5745.4 TODO TODO

3 EfficientNet 5.3 3856 0.4 1835 77.1 64.3
3 EfficientNet 7.8 2450 0.7 2111 79.1 66.9
3 EfficientNet 9.2 1851 1.0 2584 80.1 68.8
3 EfficientNet 12.0 1114 1.8 4826 81.6 70.6
3 EfficientNet 19.0 573 4.2 10006 82.9 72.3
3 EfficientNet 30.0 268 9.9 11046 83.6 73.6

4 NFNet 71.5 950 12.4 4338 83.6 72.6
4 NFNet 132.6 337 35.5 6628 84.7 74.4
4 NFNet 193.8 184 62.6 8144 85.1 74.3
4 NFNet 254.9 101 115.0 11240 85.7 75.2
4 NFNet 316.1 59 215.3 16587 85.9 75.2

5 ViT:DeiT 5.7 3774 1.3 536 72.2 60.4
5 ViT:DeiT 22.0 1891 4.6 987 80.6 69.4
5 ViT:DeiT 86.6 831 17.5 2078 81.8 71.5
5 ViT:DeiT 86.6 195 55.5 8956 83.1 72.4

6 Swin 28.3 1109 4.5 3345 81.3 69.5
6 Swin 49.6 718 8.7 3470 83.0 71.8
6 Swin 87.8 532 15.4 4695 83.5 
6 Swin 87.8 159 47.0 19385 84.5 

7 CaiT 46.9 470 9.4 1469 82.7 ?
7 CaiT 271.2 159 53.7 3828 83.8 ?
7 CaiT 271.2 16 173.3 16710 84.9 ?

8 XciT 26.3 1372 4.8 1330 82.0 
8 XciT 47.7 730 9.1 1452 82.6 

9 ResMLP 15.0 3301 3.0 755 76.6 64.4
9 ResMLP 30.0 1681 6.0 844 79.4 67.9
9 ResMLP 116.0 1120 23.0 930 81.0 69.0
9 ResMLP 16.7 3217 3.2 763 77.0 65.5

10 ConvMixer 21.1 271 20.9 2644 80.2 
10 ConvMixer 51.6 157 51.4 5312 81.4 

#0 ours 10.2 3011 1.6 1236 78.7 67.2
0 ours 16.2 1799 2.6 1270 80.7 69.7
0 ours 25.2 1125 4.0 1321 82.1 71.0
0 ours 47.7 580 7.5 1450 83.2 72.5
0 ours 99.4 541 15.8 2790 83.5 72.6
#0 ours 188.6 280 29.9 3314 84.1 73.9
#0 ours 25.2 392 11.8 3600 83.7 73.4
0 ours 47.7 202 22.1 3729 84.7 74.9
0 ours 188.6 96 87.7 7587 85.2 75.6
